## https://designsystem.helsedir.no/0410c9e94/p/45aee7-farger/b/920fd7

hdir_color <- c("#025169", "#0069E8",
                "#7C145C", "#047FA4",
                "#C68803", "#38A389",
                "#6996CE", "#366558",
                "#BF78DE", "#767676")
